LineNumber	Year	Month	Totals	Late	ONTIME
70001	2022	1	4 870	1 885	2 985
70002	2022	1	8 156	1 480	6 676
70011	2022	1	139	17	122
70100	2022	1	346	88	258
70108	2022	1	4 523	867	3 656
70109	2022	1	7 114	678	6 436
70110	2022	1	202	42	160
70111	2022	1	1 456	216	1 240
70112	2022	1	196	63	133
70113	2022	1	7 078	989	6 089
70114	2022	1	114	15	99
70115	2022	1	1 429	218	1 211
70116	2022	1	6 749	1 488	5 261
70117	2022	1	125	28	97
70118	2022	1	123	13	110
70120	2022	1	360	90	270
70121	2022	1	156	37	119
70124	2022	1	781	172	609
70130	2022	1	1 416	215	1 201
9999	2022	1	45 333	8 601	36 732
70001	2023	1	5 351	3 136	2 215
70002	2023	1	8 519	2 618	5 901
70011	2023	1	117	24	93
70100	2023	1	497	150	347
70108	2023	1	4 677	1 294	3 383
70109	2023	1	8 018	1 339	6 679
70110	2023	1	676	182	494
70111	2023	1	1 764	339	1 425
70112	2023	1	164	92	72
70113	2023	1	8 092	1 852	6 240
70114	2023	1	193	20	173
70115	2023	1	1 585	305	1 280
70116	2023	1	6 450	2 232	4 218
70117	2023	1	90	26	64
70118	2023	1	444	98	346
70120	2023	1	344	136	208
70121	2023	1	115	50	65
70124	2023	1	718	237	481
70130	2023	1	1 607	396	1 211
9999	2023	1	49 421	14 526	34 895
70001	2022	2	4 817	1 984	2 833
70002	2022	2	7 615	1 494	6 121
70011	2022	2	136	22	114
70100	2022	2	362	92	270
70108	2022	2	4 253	848	3 405
70109	2022	2	6 690	878	5 812
70110	2022	2	227	40	187
70111	2022	2	1 370	200	1 170
70112	2022	2	183	77	106
70113	2022	2	6 752	1 124	5 628
70114	2022	2	139	18	121
70115	2022	2	1 405	214	1 191
70116	2022	2	6 333	1 463	4 870
70117	2022	2	101	29	72
70118	2022	2	137	18	119
70120	2022	2	371	118	253
70121	2022	2	141	33	108
70124	2022	2	697	171	526
70130	2022	2	1 288	232	1 056
9999	2022	2	43 017	9 055	33 962
70001	2023	2	5 041	2 528	2 513
70002	2023	2	7 779	1 700	6 079
70011	2023	2	103	16	87
70100	2023	2	478	136	342
70108	2023	2	4 264	940	3 324
70109	2023	2	7 394	824	6 570
70110	2023	2	642	142	500
70111	2023	2	1 675	213	1 462
70112	2023	2	145	57	88
70113	2023	2	7 523	1 238	6 285
70114	2023	2	187	15	172
70115	2023	2	1 544	236	1 308
70116	2023	2	5 954	1 657	4 297
70117	2023	2	94	24	70
70118	2023	2	424	85	339
70120	2023	2	325	115	210
70121	2023	2	105	27	78
70124	2023	2	726	172	554
70130	2023	2	1 456	280	1 176
9999	2023	2	45 859	10 405	35 454
70001	2022	3	5 783	2 592	3 191
70002	2022	3	9 202	2 038	7 164
70011	2022	3	160	31	129
70100	2022	3	465	137	328
70108	2022	3	5 169	1 109	4 060
70109	2022	3	8 014	1 263	6 751
70110	2022	3	551	153	398
70111	2022	3	1 667	277	1 390
70112	2022	3	203	108	95
70113	2022	3	7 957	1 738	6 219
70114	2022	3	179	25	154
70115	2022	3	1 659	270	1 389
70116	2022	3	7 685	1 887	5 798
70117	2022	3	165	51	114
70118	2022	3	374	117	257
70120	2022	3	436	140	296
70121	2022	3	184	42	142
70124	2022	3	897	199	698
70130	2022	3	1 559	300	1 259
9999	2022	3	52 309	12 477	39 832
70001	2023	3	5 715	2 977	2 738
70002	2023	3	8 151	1 984	6 167
70011	2023	3	85	12	73
70100	2023	3	548	157	391
70108	2023	3	4 482	848	3 634
70109	2023	3	7 846	1 046	6 800
70110	2023	3	679	169	510
70111	2023	3	1 743	185	1 558
70112	2023	3	175	73	102
70113	2023	3	8 008	1 432	6 576
70114	2023	3	292	40	252
70115	2023	3	1 580	214	1 366
70116	2023	3	6 789	1 973	4 816
70117	2023	3	131	34	97
70118	2023	3	473	80	393
70120	2023	3	267	68	199
70121	2023	3	93	18	75
70124	2023	3	729	209	520
70130	2023	3	1 422	157	1 265
9999	2023	3	49 208	11 676	37 532
70001	2022	4	4 773	2 139	2 634
70002	2022	4	7 921	1 744	6 177
70011	2022	4	148	34	114
70100	2022	4	384	121	263
70108	2022	4	4 495	946	3 549
70109	2022	4	6 984	1 093	5 891
70110	2022	4	522	168	354
70111	2022	4	1 401	196	1 205
70112	2022	4	161	88	73
70113	2022	4	7 016	1 368	5 648
70114	2022	4	151	20	131
70115	2022	4	1 489	255	1 234
70116	2022	4	6 510	1 531	4 979
70117	2022	4	129	51	78
70118	2022	4	345	100	245
70120	2022	4	342	108	234
70121	2022	4	142	34	108
70124	2022	4	692	155	537
70130	2022	4	1 297	247	1 050
9999	2022	4	44 902	10 398	34 504
70001	2023	4	4 921	2 435	2 486
70002	2023	4	6 732	1 772	4 960
70011	2023	4	45	7	38
70100	2023	4	573	188	385
70108	2023	4	3 789	734	3 055
70109	2023	4	6 677	867	5 810
70110	2023	4	526	174	352
70111	2023	4	1 428	146	1 282
70112	2023	4	145	61	84
70113	2023	4	6 772	1 055	5 717
70114	2023	4	247	33	214
70115	2023	4	1 280	147	1 133
70116	2023	4	5 672	1 514	4 158
70117	2023	4	94	24	70
70118	2023	4	394	80	314
70120	2023	4	201	39	162
70121	2023	4	67	13	54
70124	2023	4	544	139	405
70130	2023	4	1 107	116	991
9999	2023	4	41 214	9 544	31 670
70001	2022	5	5 260	2 800	2 460
70002	2022	5	8 436	2 057	6 379
70011	2022	5	139	45	94
70100	2022	5	420	120	300
70108	2022	5	4 800	1 042	3 758
70109	2022	5	7 253	1 325	5 928
70110	2022	5	534	153	381
70111	2022	5	1 536	274	1 262
70112	2022	5	166	89	77
70113	2022	5	7 450	1 556	5 894
70114	2022	5	167	27	140
70115	2022	5	1 534	287	1 247
70116	2022	5	6 907	1 649	5 258
70117	2022	5	126	35	91
70118	2022	5	362	119	243
70120	2022	5	385	152	233
70121	2022	5	145	41	104
70124	2022	5	782	199	583
70130	2022	5	1 399	292	1 107
9999	2022	5	47 801	12 262	35 539
70001	2023	5	5 882	3 252	2 630
70002	2023	5	7 634	2 317	5 317
70011	2023	5	100	7	93
70100	2023	5	587	217	370
70108	2023	5	4 788	1 133	3 655
70109	2023	5	7 191	1 134	6 057
70110	2023	5	647	228	419
70111	2023	5	1 897	419	1 478
70112	2023	5	165	70	95
70113	2023	5	7 307	1 490	5 817
70114	2023	5	278	61	217
70115	2023	5	1 642	403	1 239
70116	2023	5	6 650	1 984	4 666
70117	2023	5	119	29	90
70118	2023	5	487	147	340
70120	2023	5	311	71	240
70121	2023	5	113	46	67
70124	2023	5	807	223	584
70130	2023	5	1 615	266	1 349
9999	2023	5	48 220	13 497	34 723
70001	2022	6	5 002	2 494	2 508
70002	2022	6	7 878	2 118	5 760
70011	2022	6	153	35	118
70100	2022	6	437	124	313
70108	2022	6	4 697	1 094	3 603
70109	2022	6	7 162	1 057	6 105
70110	2022	6	554	160	394
70111	2022	6	1 676	311	1 365
70112	2022	6	107	43	64
70113	2022	6	7 189	1 458	5 731
70114	2022	6	158	26	132
70115	2022	6	1 564	398	1 166
70116	2022	6	6 781	1 768	5 013
70117	2022	6	120	39	81
70118	2022	6	365	124	241
70120	2022	6	307	133	174
70121	2022	6	105	40	65
70124	2022	6	681	209	472
70130	2022	6	1 388	258	1 130
9999	2022	6	46 324	11 889	34 435
70001	2023	6	4 950	2 826	2 124
70002	2023	6	6 113	1 853	4 260
70011	2023	6	103	8	95
70100	2023	6	567	211	356
70108	2023	6	4 073	939	3 134
70109	2023	6	5 754	826	4 928
70110	2023	6	653	225	428
70111	2023	6	1 752	414	1 338
70112	2023	6	99	37	62
70113	2023	6	5 935	1 220	4 715
70114	2023	6	233	40	193
70115	2023	6	1 536	399	1 137
70116	2023	6	5 610	1 609	4 001
70117	2023	6	137	26	111
70118	2023	6	526	175	351
70120	2023	6	302	65	237
70121	2023	6	76	28	48
70124	2023	6	719	233	486
70130	2023	6	1 477	240	1 237
9999	2023	6	40 615	11 374	29 241
70001	2022	7	4 297	1 864	2 433
70002	2022	7	7 050	1 611	5 439
70011	2022	7	96	10	86
70100	2022	7	477	120	357
70108	2022	7	4 122	680	3 442
70109	2022	7	6 313	610	5 703
70110	2022	7	702	146	556
70111	2022	7	1 620	317	1 303
70113	2022	7	6 342	821	5 521
70114	2022	7	198	23	175
70115	2022	7	1 546	300	1 246
70116	2022	7	5 812	1 036	4 776
70117	2022	7	98	20	78
70118	2022	7	466	103	363
70120	2022	7	217	111	106
70121	2022	7	51	22	29
70124	2022	7	524	137	387
70130	2022	7	1 261	182	1 079
9999	2022	7	41 192	8 113	33 079
70001	2023	7	2 617	1 140	1 477
70002	2023	7	3 319	946	2 373
70011	2023	7	37	0	37
70100	2023	7	374	113	261
70108	2023	7	2 247	556	1 691
70109	2023	7	3 016	397	2 619
70110	2023	7	434	148	286
70111	2023	7	1 063	227	836
70113	2023	7	3 110	559	2 551
70114	2023	7	163	31	132
70115	2023	7	1 001	183	818
70116	2023	7	2 996	877	2 119
70117	2023	7	82	20	62
70118	2023	7	322	86	236
70120	2023	7	128	26	102
70121	2023	7	37	11	26
70124	2023	7	332	85	247
70130	2023	7	848	122	726
9999	2023	7	22 126	5 527	16 599
70001	2022	8	5 154	2 837	2 317
70002	2022	8	8 096	2 293	5 803
70011	2022	8	161	39	122
70100	2022	8	513	144	369
70108	2022	8	4 803	959	3 844
70109	2022	8	7 350	958	6 392
70110	2022	8	698	175	523
70111	2022	8	1 750	294	1 456
70112	2022	8	83	34	49
70113	2022	8	7 377	1 162	6 215
70114	2022	8	200	32	168
70115	2022	8	1 612	282	1 330
70116	2022	8	6 838	1 578	5 260
70117	2022	8	98	35	63
70118	2022	8	479	134	345
70120	2022	8	275	135	140
70121	2022	8	94	50	44
70124	2022	8	645	250	395
70130	2022	8	1 494	278	1 216
9999	2022	8	47 720	11 669	36 051
70001	2023	8	2 840	1 394	1 446
70002	2023	8	3 829	1 202	2 627
70011	2023	8	42	6	36
70100	2023	8	340	118	222
70108	2023	8	2 336	503	1 833
70109	2023	8	3 301	594	2 707
70110	2023	8	417	157	260
70111	2023	8	978	231	747
70112	2023	8	42	18	24
70113	2023	8	3 284	685	2 599
70114	2023	8	156	29	127
70115	2023	8	910	228	682
70116	2023	8	3 171	840	2 331
70117	2023	8	77	25	52
70118	2023	8	309	84	225
70120	2023	8	175	23	152
70121	2023	8	50	12	38
70124	2023	8	414	150	264
70130	2023	8	834	137	697
9999	2023	8	23 505	6 436	17 069
70001	2022	9	5 757	3 254	2 503
70002	2022	9	8 899	2 428	6 471
70011	2022	9	222	92	130
70100	2022	9	501	144	357
70108	2022	9	5 405	1 168	4 237
70109	2022	9	8 209	1 319	6 890
70110	2022	9	648	200	448
70111	2022	9	1 840	372	1 468
70112	2022	9	202	111	91
70113	2022	9	8 295	1 646	6 649
70114	2022	9	169	25	144
70115	2022	9	1 668	322	1 346
70116	2022	9	7 781	2 043	5 738
70117	2022	9	139	61	78
70118	2022	9	466	132	334
70120	2022	9	378	168	210
70121	2022	9	153	90	63
70124	2022	9	788	283	505
70130	2022	9	1 745	405	1 340
9999	2022	9	53 265	14 263	39 002
70001	2023	9	3 053	1 509	1 544
70002	2023	9	4 357	1 345	3 012
70011	2023	9	52	6	46
70100	2023	9	337	110	227
70108	2023	9	2 597	496	2 101
70109	2023	9	3 716	564	3 152
70110	2023	9	399	145	254
70111	2023	9	1 042	241	801
70112	2023	9	92	39	53
70113	2023	9	3 774	710	3 064
70114	2023	9	135	12	123
70115	2023	9	970	245	725
70116	2023	9	3 649	948	2 701
70117	2023	9	71	21	50
70118	2023	9	287	71	216
70120	2023	9	223	45	178
70121	2023	9	72	20	52
70124	2023	9	461	131	330
70130	2023	9	897	142	755
9999	2023	9	26 184	6 800	19 384
70001	2022	10	5 462	2 876	2 586
70002	2022	10	8 626	2 248	6 378
70011	2022	10	176	47	129
70100	2022	10	498	150	348
70108	2022	10	5 190	1 140	4 050
70109	2022	10	7 979	1 094	6 885
70110	2022	10	665	201	464
70111	2022	10	1 822	311	1 511
70112	2022	10	166	86	80
70113	2022	10	8 077	1 474	6 603
70114	2022	10	205	23	182
70115	2022	10	1 653	283	1 370
70116	2022	10	7 325	1 833	5 492
70117	2022	10	128	51	77
70118	2022	10	473	130	343
70120	2022	10	379	134	245
70121	2022	10	142	50	92
70124	2022	10	779	252	527
70130	2022	10	1 671	383	1 288
9999	2022	10	51 416	12 766	38 650
70001	2023	10	1 335	747	588
70002	2023	10	2 165	585	1 580
70011	2023	10	31	3	28
70100	2023	10	173	48	125
70108	2023	10	1 348	264	1 084
70109	2023	10	1 796	298	1 498
70110	2023	10	174	56	118
70111	2023	10	532	141	391
70112	2023	10	42	16	26
70113	2023	10	1 860	360	1 500
70114	2023	10	75	9	66
70115	2023	10	472	138	334
70116	2023	10	1 896	499	1 397
70117	2023	10	39	9	30
70118	2023	10	143	26	117
70120	2023	10	117	20	97
70121	2023	10	40	11	29
70124	2023	10	238	61	177
70130	2023	10	422	61	361
9999	2023	10	12 898	3352	9546
70001	2022	11	5 203	2 924	2 279
70002	2022	11	8 012	2 089	5 923
70011	2022	11	156	37	119
70100	2022	11	494	139	355
70108	2022	11	4 566	1 048	3 518
70109	2022	11	7 166	1 107	6 059
70110	2022	11	686	189	497
70111	2022	11	1 745	294	1 451
70112	2022	11	175	92	83
70113	2022	11	7 197	1 527	5 670
70114	2022	11	206	24	182
70115	2022	11	1 637	286	1 351
70116	2022	11	6 349	1 841	4 508
70117	2022	11	118	41	77
70118	2022	11	460	110	350
70120	2022	11	390	157	233
70121	2022	11	131	45	86
70124	2022	11	784	242	542
70130	2022	11	1 659	346	1 313
9999	2022	11	47 134	12 538	34 596
70001	2023	11	3 865	2 035	1 830
70002	2023	11	5 500	1 523	3 977
70011	2023	11	61	4	57
70100	2023	11	424	118	306
70108	2023	11	3 203	658	2 545
70109	2023	11	4 607	948	3 659
70110	2023	11	479	150	329
70111	2023	11	1 332	351	981
70112	2023	11	105	51	54
70113	2023	11	4 667	1 108	3 559
70114	2023	11	187	23	164
70115	2023	11	1 183	328	855
70116	2023	11	4 577	1 249	3 328
70117	2023	11	92	16	76
70118	2023	11	389	99	290
70120	2023	11	290	62	228
70121	2023	11	99	23	76
70124	2023	11	611	156	455
70130	2023	11	1 150	221	929
9999	2023	11	32 821	9 123	23 698
70001	2022	12	5 352	3 033	2 319
70002	2022	12	8 423	2 532	5 891
70011	2022	12	136	34	102
70100	2022	12	494	198	296
70108	2022	12	4 654	1 257	3 397
70109	2022	12	7 878	1 209	6 669
70110	2022	12	696	225	471
70111	2022	12	1 748	336	1 412
70112	2022	12	164	64	100
70113	2022	12	8 021	1 706	6 315
70114	2022	12	197	32	165
70115	2022	12	1 633	374	1 259
70116	2022	12	6 454	2 083	4 371
70117	2022	12	92	21	71
70118	2022	12	447	117	330
70120	2022	12	359	157	202
70121	2022	12	118	47	71
70124	2022	12	766	269	497
70130	2022	12	1 643	423	1 220
9999	2022	12	49 275	14 117	35 158

