LineNumber	Year	Month	Totals	Late	ONTIME
70001	2023	1	5 351	3 136	2 215
70001	2023	2	5 041	2 528	2 513
70001	2023	3	5 715	2 977	2 738
70001	2023	4	4 921	2 435	2 486
70001	2023	5	5 882	3 252	2 630
70001	2023	6	4 950	2 826	2 124
70001	2023	7	2 617	1 140	1 477
70001	2023	8	2 840	1 394	1 446
70001	2023	9	3 053	1 509	1 544
70001	2023	10	1 335	747	588
70002	2023	1	8 519	2 618	5 901
70002	2023	2	7 779	1 700	6 079
70002	2023	3	8 151	1 984	6 167
70002	2023	4	6 732	1 772	4 960
70002	2023	5	7 634	2 317	5 317
70002	2023	6	6 113	1 853	4 260
70002	2023	7	3 319	946	2 373
70002	2023	8	3 829	1 202	2 627
70002	2023	9	4 357	1 345	3 012
70002	2023	10	2 165	585	1 580
70011	2023	1	117	24	93
70011	2023	2	103	16	87
70011	2023	3	85	12	73
70011	2023	4	45	7	38
70011	2023	5	100	7	93
70011	2023	6	103	8	95
70011	2023	7	37		37
70011	2023	8	42	6	36
70011	2023	9	52	6	46
70011	2023	10	31	3	28
70100	2023	1	497	150	347
70100	2023	2	478	136	342
70100	2023	3	548	157	391
70100	2023	4	573	188	385
70100	2023	5	587	217	370
70100	2023	6	567	211	356
70100	2023	7	374	113	261
70100	2023	8	340	118	222
70100	2023	9	337	110	227
70100	2023	10	173	48	125
70108	2023	1	4 677	1 294	3 383
70108	2023	2	4 264	940	3 324
70108	2023	3	4 482	848	3 634
70108	2023	4	3 789	734	3 055
70108	2023	5	4 788	1 133	3 655
70108	2023	6	4 073	939	3 134
70108	2023	7	2 247	556	1 691
70108	2023	8	2 336	503	1 833
70108	2023	9	2 597	496	2 101
70108	2023	10	1 348	264	1 084
70109	2023	1	8 018	1 339	6 679
70109	2023	2	7 394	824	6 570
70109	2023	3	7 846	1 046	6 800
70109	2023	4	6 677	867	5 810
70109	2023	5	7 191	1 134	6 057
70109	2023	6	5 754	826	4 928
70109	2023	7	3 016	397	2 619
70109	2023	8	3 301	594	2 707
70109	2023	9	3 716	564	3 152
70109	2023	10	1 796	298	1 498
70110	2023	1	676	182	494
70110	2023	2	642	142	500
70110	2023	3	679	169	510
70110	2023	4	526	174	352
70110	2023	5	647	228	419
70110	2023	6	653	225	428
70110	2023	7	434	148	286
70110	2023	8	417	157	260
70110	2023	9	399	145	254
70110	2023	10	174	56	118
70111	2023	1	1 764	339	1 425
70111	2023	2	1 675	213	1 462
70111	2023	3	1 743	185	1 558
70111	2023	4	1 428	146	1 282
70111	2023	5	1 897	419	1 478
70111	2023	6	1 752	414	1 338
70111	2023	7	1 063	227	836
70111	2023	8	978	231	747
70111	2023	9	1 042	241	801
70111	2023	10	532	141	391
70112	2023	1	164	92	72
70112	2023	2	145	57	88
70112	2023	3	175	73	102
70112	2023	4	145	61	84
70112	2023	5	165	70	95
70112	2023	6	99	37	62
70112	2023	8	42	18	24
70112	2023	9	92	39	53
70112	2023	10	42	16	26
70113	2023	1	8 092	1 852	6 240
70113	2023	2	7 523	1 238	6 285
70113	2023	3	8 008	1 432	6 576
70113	2023	4	6 772	1 055	5 717
70113	2023	5	7 307	1 490	5 817
70113	2023	6	5 935	1 220	4 715
70113	2023	7	3 110	559	2 551
70113	2023	8	3 284	685	2 599
70113	2023	9	3 774	710	3 064
70113	2023	10	1 860	360	1 500
70114	2023	1	193	20	173
70114	2023	2	187	15	172
70114	2023	3	292	40	252
70114	2023	4	247	33	214
70114	2023	5	278	61	217
70114	2023	6	233	40	193
70114	2023	7	163	31	132
70114	2023	8	156	29	127
70114	2023	9	135	12	123
70114	2023	10	75	9	66
70115	2023	1	1 585	305	1 280
70115	2023	2	1 544	236	1 308
70115	2023	3	1 580	214	1 366
70115	2023	4	1 280	147	1 133
70115	2023	5	1 642	403	1 239
70115	2023	6	1 536	399	1 137
70115	2023	7	1 001	183	818
70115	2023	8	910	228	682
70115	2023	9	970	245	725
70115	2023	10	472	138	334
70116	2023	1	6 450	2 232	4 218
70116	2023	2	5 954	1 657	4 297
70116	2023	3	6 789	1 973	4 816
70116	2023	4	5 672	1 514	4 158
70116	2023	5	6 650	1 984	4 666
70116	2023	6	5 610	1 609	4 001
70116	2023	7	2 996	877	2 119
70116	2023	8	3 171	840	2 331
70116	2023	9	3 649	948	2 701
70116	2023	10	1 896	499	1 397
70117	2023	1	90	26	64
70117	2023	2	94	24	70
70117	2023	3	131	34	97
70117	2023	4	94	24	70
70117	2023	5	119	29	90
70117	2023	6	137	26	111
70117	2023	7	82	20	62
70117	2023	8	77	25	52
70117	2023	9	71	21	50
70117	2023	10	39	9	30
70118	2023	1	444	98	346
70118	2023	2	424	85	339
70118	2023	3	473	80	393
70118	2023	4	394	80	314
70118	2023	5	487	147	340
70118	2023	6	526	175	351
70118	2023	7	322	86	236
70118	2023	8	309	84	225
70118	2023	9	287	71	216
70118	2023	10	143	26	117
70120	2023	1	344	136	208
70120	2023	2	325	115	210
70120	2023	3	267	68	199
70120	2023	4	201	39	162
70120	2023	5	311	71	240
70120	2023	6	302	65	237
70120	2023	7	128	26	102
70120	2023	8	175	23	152
70120	2023	9	223	45	178
70120	2023	10	117	20	97
70121	2023	1	115	50	65
70121	2023	2	105	27	78
70121	2023	3	93	18	75
70121	2023	4	67	13	54
70121	2023	5	113	46	67
70121	2023	6	76	28	48
70121	2023	7	37	11	26
70121	2023	8	50	12	38
70121	2023	9	72	20	52
70121	2023	10	40	11	29
70124	2023	1	718	237	481
70124	2023	2	726	172	554
70124	2023	3	729	209	520
70124	2023	4	544	139	405
70124	2023	5	807	223	584
70124	2023	6	719	233	486
70124	2023	7	332	85	247
70124	2023	8	414	150	264
70124	2023	9	461	131	330
70124	2023	10	238	61	177
70130	2023	1	1 607	396	1 211
70130	2023	2	1 456	280	1 176
70130	2023	3	1 422	157	1 265
70130	2023	4	1 107	116	991
70130	2023	5	1 615	266	1 349
70130	2023	6	1 477	240	1 237
70130	2023	7	848	122	726
70130	2023	8	834	137	697
70130	2023	9	897	142	755
70130	2023	10	422	61	361
